2000000000S
           0            0
        4811            1
        3969            1
        4590            1
        4620            1
        3120            1
        5106            1
        5211            1
        3841            1
        3846            1
       25463            1
        3818            1
        3778            1
        8160            1
        3871            1
       13625            1
        3837            1
        7877            1
        3837            1
       27998            1
        3645            1
        3645            1
        3645            1
        2738            1
        4998            1
        2744            1
        4977            1
       27197            1
        3849            1
        1272            1
       27245            1
        1669            1
        2711            1
        1934            1
        2651            1
        1500            1
        1974            1
        3882            1
       25869            1
        1743            1
        1677            1
       99357            1
        4788            1
       99510            1
       16713            1
        1629            1
       96101            1
        1767            1
        1746            1
        1670            1
        4509            1
      174202            1
        5062            1
        9286            1
        9306            1
       69446            1
        2398            1
        3855            1
        2645            1
       36464            1
       36598            1
        1510            1
        2748            1
        5414            1
        3872            1
       37128            1
        2987            1
        6038            1
       37126            1
        1512            1
        6368            1
        6841            1
        2755            1
       17375            1
        1760            1
        2993            1
        7180            1
       16764            1
        5980            1
        1856            1
        7791            1
        5949            1
       37096            1
       13393            1
        1221            1
        3185            1
        1240            1
        1332            1
        1257            1
        3873            1
       37085            1
        1848            1
       24579            1
       38233            1
        3844            1
        4915            1
        4934            1
       18186            1
       18113            1
       12236            1
        1517            1
       15858            1
       15810            1
       15826            1
       15811            1
       15788            1
       30994            1
       15801            1
       15807            1
       15811            1
       15825            1
       31044            1
       15799            1
       15804            1
       31044            1
        7032            1
       15858            1
       15803            1
        5952            1
       30804            1
        1381            1
        1475            1
        1481            1
        1486            1
       66749            1
       17410            1
        4378            1
        4378            1
        8670            1
       26672            1
        6368            1
       39490            1
        2963            1
        2599            1
        2401            1
        6015            1
        1317            1
        1232            1
        1222            1
        1230            1
        1204            1
        1838            1
        6662            1
       72554            1
       74780            1
